1696447226
1337484166
965307205
714444358
571750016
549277619
441744415
404425227
397378150
370962265
350796944
348324235
261786322
234070210
233158015
201856657
201317569
190309707
181073291
180828556
175012404
173775791
152720535
126185957
124166393
109001132
104793431
103494958
100498764
100405572
97986040
96221061
96019408
84411846
83842569
83703350
82677281
76267089
73924182
55118333
54768317
54099198
53845880
53369980
52371887
50890837
49150070
47803285
46393906
44354825
43787034
42775305
42217108
40829349
38595894
38235702
37595092
36720218
35971794
35270772
33399912
33271404
32978510
32125992
31836387
31242400
30999261
30864331
30083134
29685650
29669478
28464085
27989335
27236185
26974933
25724793
25341218
23945391
22052598
21714524
21502073
21214331
20615744
20571534
20460915
19515102
19429994
19353760
19077748
19017879
18456373
18268267
17784236
17111121
16383748
16304292
16303822
15453763
15386580
15348026
14873918
14667389
14596787
14439610
14291561
13222021
12901746
12886684
12776878
12548885
12289172
12068224
11976305
11968286
11721425
11305914
11211992
11077140
11052532
10834996
10824208
10740923
10283462
10176530
10065633
9927714
9661658
9482744
9211570
9201680
9163586
8915945
8848198
8809952
8793810
8551637
8528605
8108856
8055913
8022137
7951208
7935363
7768191
7623290
7510050
7387498
7362309
7343114
7241561
7206741
7102451
7032943
7021101
6977763
6975298
6791851
6760259
6719810
6680396
6676327
6671780
6605079
6601995
6503727
6283415
6233401
6216473
6205230
6136190
6106031
5937306
5928351
5813187
5786313
5752339
5692899
5679642
5661653
5466289
5379707
5348633
5348492
5296733
5285231
5235111
5193237
5190052
5144441
5138042
5124622
5111327
4871447
4845016
4822052
4780005
4772954
4561656
4512194
4502812
4499779`